08 49 81 52 = 1651104
08 02 22 97 = 34144
08 49 31 23 = 279496
02 49 49 70 = 336140
02 22 97 38 = 162184
02 99 73 04 = 57816
22 99 31 95 = 6414210
22 97 38 15 = 1216380
22 40 55 60 = 2904000
97 40 73 23 = 6514520
97 38 15 00 = 0
97 17 79 11 = 1432981
38 17 55 04 = 142120
38 15 00 40 = 0
38 81 14 42 = 1809864
15 81 79 60 = 5759100
15 00 40 00 = 0
15 18 29 69 = 540270
00 18 14 11 = 0
00 40 00 75 = 0
00 57 93 24 = 0
40 57 29 42 = 2777040
40 00 75 04 = 0
40 60 71 68 = 11587200
00 60 93 69 = 0
00 75 04 05 = 0
00 87 40 56 = 0
75 87 71 24 = 11118600
75 04 05 07 = 10500
75 17 67 01 = 85425
04 17 40 68 = 184960
04 05 07 78 = 10920
04 40 53 32 = 271360
05 40 67 56 = 750400
05 07 78 52 = 141960
05 98 88 56 = 2414720
07 98 53 01 = 36358
07 78 52 12 = 340704
07 43 30 71 = 641130
78 43 88 32 = 9444864
78 52 12 50 = 2433600
78 69 03 37 = 597402
52 69 30 56 = 6027840
52 12 50 77 = 2402400
52 48 49 02 = 244608
12 48 03 71 = 122688
12 50 77 91 = 4204200
12 04 13 36 = 22464
50 04 49 37 = 362600
50 77 91 08 = 2802800
50 56 36 91 = 9172800
77 56 13 02 = 112112
91 62 36 36 = 7312032
08 00 65 91 = 0

49 81 52 22 = 4540536
49 49 99 40 = 9507960
49 49 95 71 = 16194745
49 49 70 31 = 5210170
49 99 40 17 = 3298680
49 31 23 51 = 1781787
99 31 95 16 = 4664880
99 40 17 81 = 5452920
99 73 04 67 = 1936836
40 73 23 71 = 4768360
40 17 81 18 = 991440
40 55 60 63 = 8316000
17 55 04 51 = 190740
17 81 18 57 = 1412802
17 79 11 89 = 1314797
81 79 60 67 = 25723980
81 18 57 60 = 4986360
81 14 42 41 = 1952748
18 14 11 63 = 174636
18 57 60 87 = 5355720
18 29 69 92 = 3313656
57 29 42 89 = 6178914
57 60 87 17 = 5058180
57 93 24 36 = 4580064
60 93 69 41 = 15785820
60 87 17 40 = 3549600
60 71 68 54 = 15642720
87 71 24 92 = 13638816
87 17 40 98 = 5797680
87 40 56 22 = 4287360
17 40 68 36 = 1664640
17 40 98 43 = 2865520
17 67 01 40 = 45560
40 67 56 54 = 8104320
40 98 43 69 = 11630640
40 53 32 40 = 2713600
98 53 01 22 = 114268
98 43 69 48 = 13956768
98 88 56 28 = 13522432
43 88 32 40 = 4843520
43 69 48 04 = 569664
43 30 71 66 = 6044940
69 30 56 40 = 4636800
69 48 04 56 = 741888
69 03 37 33 = 252747
48 03 71 28 = 286272
48 04 56 62 = 666624
48 49 02 13 = 61152
04 49 37 66 = 478632
04 56 62 00 = 0
04 13 36 80 = 149760
56 13 02 33 = 48048
62 36 36 13 = 1044576
00 65 91 80 = 0

81 52 22 24 = 2223936
81 49 31 73 = 8981847
81 70 16 60 = 5443200
49 70 31 47 = 4997510
49 31 73 55 = 6098785
49 95 71 99 = 32719995
31 95 16 32 = 1507840
31 73 55 79 = 9832735
31 23 51 03 = 109089
73 23 71 60 = 7152540
73 55 79 14 = 4440590
73 04 67 45 = 880380
55 04 51 99 = 1110780
55 79 14 29 = 1764070
55 60 63 02 = 415800
79 60 67 03 = 952740
79 14 29 93 = 2982882
79 11 89 44 = 3403004
14 11 63 45 = 436590
14 29 93 71 = 2680818
14 42 41 75 = 1808100
29 42 89 02 = 216804
29 93 71 40 = 7659480
29 69 92 33 = 6075036
93 69 41 44 = 11576268
93 71 40 67 = 17696040
93 24 36 53 = 4258656
71 24 92 75 = 11757600
71 40 67 53 = 10084840
71 68 54 78 = 20335536
40 68 36 33 = 3231360
40 67 53 88 = 12499520
40 56 22 36 = 1774080
67 56 54 53 = 10738224
67 53 88 30 = 9374640
67 01 40 84 = 225120
53 01 22 78 = 90948
53 88 30 03 = 419760
53 32 40 20 = 1356800
88 32 40 36 = 4055040
88 30 03 49 = 388080
88 56 28 35 = 4829440
30 56 40 84 = 5644800
30 03 49 13 = 57330
30 71 66 17 = 2389860
03 71 28 20 = 119280
03 49 13 36 = 68796
03 37 33 12 = 43956
49 37 66 35 = 4188030
49 13 36 65 = 1490580
49 02 13 50 = 63700
13 02 33 17 = 14586
36 36 13 12 = 202176
65 91 80 50 = 23660000

52 22 24 32 = 878592
52 70 95 23 = 7953400
52 31 32 28 = 1444352
70 31 47 98 = 9995020
70 95 23 04 = 611800
70 16 60 64 = 4300800
95 16 32 81 = 3939840
95 23 04 60 = 524400
95 71 99 23 = 15358365
23 71 60 28 = 2743440
23 04 60 11 = 60720
23 51 03 67 = 235773
04 51 99 64 = 1292544
04 60 11 42 = 110880
04 67 45 10 = 120600
60 67 03 23 = 277380
60 11 42 69 = 1912680
60 63 02 26 = 196560
11 63 45 67 = 2089395
11 42 69 24 = 765072
11 89 44 38 = 1636888
42 89 02 10 = 74760
42 69 24 68 = 4729536
42 41 75 40 = 5166000
69 41 44 26 = 3236376
69 24 68 56 = 6306048
69 92 33 67 = 14035428
24 92 75 38 = 6292800
24 68 56 01 = 91392
24 36 53 59 = 2701728
68 36 33 40 = 3231360
68 56 01 32 = 121856
68 54 78 54 = 15466464
56 54 53 67 = 10738224
56 01 32 56 = 100352
56 22 36 70 = 3104640
01 22 78 59 = 101244
01 32 56 71 = 127232
01 40 84 66 = 221760
32 40 36 54 = 2488320
32 56 71 37 = 4707584
32 40 20 18 = 460800
56 40 84 70 = 13171200
56 71 37 02 = 294224
56 28 35 38 = 2085440
71 28 20 66 = 2624160
71 37 02 36 = 189144
71 66 17 64 = 5098368
37 66 35 18 = 1538460
37 02 36 91 = 242424
37 33 12 70 = 1025640
02 33 17 38 = 42636
36 13 12 64 = 359424
91 80 50 70 = 25480000

22 24 32 67 = 1132032
22 31 16 71 = 774752
22 47 81 68 = 5695272
31 47 98 26 = 3712436
31 16 71 51 = 1796016
31 32 28 02 = 55552
16 32 81 20 = 829440
16 71 51 67 = 3881712
16 60 64 62 = 3809280
71 60 28 68 = 8111040
71 51 67 63 = 15284241
71 99 23 12 = 1940004
51 99 64 02 = 646272
51 67 63 89 = 19159119
51 03 67 20 = 205020
67 03 23 62 = 286626
67 63 89 41 = 15402429
67 45 10 95 = 2864250
63 45 67 12 = 2279340
63 89 41 92 = 21149604
63 02 26 63 = 206388
89 02 10 20 = 35600
89 41 92 36 = 12085488
89 44 38 94 = 13987952
41 44 26 95 = 4455880
41 92 36 54 = 7332768
41 75 40 39 = 4797000
92 75 38 63 = 16518600
92 36 54 22 = 3934656
92 33 67 63 = 12814956
36 33 40 94 = 4466880
36 54 22 40 = 1710720
36 53 59 08 = 900576
54 53 67 39 = 7478406
54 22 40 40 = 1900800
54 78 54 40 = 9097920
22 78 59 63 = 6378372
22 40 40 28 = 985600
22 36 70 91 = 5045040
40 36 54 08 = 622080
40 40 28 66 = 2956800
40 84 66 66 = 14636160
40 84 70 40 = 9408000
40 28 66 33 = 2439360
40 20 18 49 = 705600
28 20 66 91 = 3363360
28 66 33 13 = 792792
28 35 38 94 = 3500560
66 35 18 66 = 2744280
66 33 13 80 = 2265120
66 17 64 21 = 1507968
33 17 38 49 = 1044582
13 12 64 94 = 938496
80 50 70 21 = 5880000

24 32 67 24 = 1234944
24 47 32 60 = 2165760
24 98 20 05 = 235200
47 98 26 55 = 6586580
47 32 60 99 = 8933760
47 81 68 66 = 17085816
32 81 20 58 = 3006720
32 60 99 03 = 570240
32 28 02 73 = 130816
60 28 68 05 = 571200
60 99 03 45 = 801900
60 64 62 99 = 23569920
99 64 02 66 = 836352
99 03 45 02 = 26730
99 23 12 26 = 710424
03 23 62 73 = 312294
03 45 02 44 = 11880
03 67 20 97 = 389940
45 67 12 99 = 3581820
45 02 44 75 = 297000
45 10 95 17 = 726750
02 10 20 26 = 10400
02 44 75 33 = 217800
02 26 63 78 = 255528
44 26 95 97 = 10541960
44 75 33 53 = 5771700
44 38 94 78 = 12259104
75 38 63 17 = 3052350
75 33 53 78 = 10231650
75 40 39 96 = 11232000
33 40 94 78 = 9678240
33 53 78 36 = 4911192
33 67 63 83 = 11561319
53 67 39 78 = 10802142
53 78 36 84 = 12501216
53 59 08 14 = 350224
78 59 63 96 = 27832896
78 36 84 20 = 4717440
78 54 40 88 = 14826240
36 54 08 83 = 1290816
36 84 20 35 = 2116800
36 70 91 34 = 7796880
84 70 40 14 = 3292800
84 20 35 17 = 999600
84 66 66 89 = 32565456
20 66 91 88 = 10570560
20 35 17 12 = 142800
20 18 49 63 = 1111320
35 18 66 34 = 1413720
35 17 12 50 = 357000
35 38 94 72 = 9001440
17 38 49 89 = 2817206
12 64 94 63 = 4548096
50 70 21 72 = 5292000

32 67 24 21 = 1080576
32 98 81 28 = 7112448
32 26 58 09 = 434304
98 26 55 36 = 5045040
98 81 28 64 = 14224896
98 20 05 75 = 735000
81 20 58 23 = 2161080
81 28 64 23 = 3338496
81 68 66 00 = 0
28 68 05 09 = 85680
28 64 23 67 = 2761472
28 02 73 76 = 310688
64 02 66 75 = 633600
64 23 67 10 = 986240
64 62 99 44 = 17284608
23 62 73 00 = 0
23 67 10 26 = 400660
23 12 26 20 = 143520
67 12 99 76 = 6049296
67 10 26 38 = 661960
67 20 97 45 = 5849100
10 20 26 44 = 228800
10 26 38 40 = 395200
10 95 17 35 = 565250
26 95 97 20 = 4791800
26 38 40 67 = 2647840
26 63 78 14 = 1788696
38 63 17 45 = 1831410
38 40 67 59 = 6008560
38 94 78 00 = 0
40 94 78 35 = 10264800
40 67 59 54 = 8538480
40 39 96 61 = 9135360
67 39 78 14 = 2853396
67 59 54 70 = 14942340
67 63 83 33 = 11561319
59 63 96 00 = 0
59 54 70 66 = 14719320
59 08 14 97 = 640976
54 08 83 61 = 2187216
54 70 66 18 = 4490640
54 40 88 34 = 6462720
70 40 14 33 = 1293600
70 66 18 38 = 3160080
70 91 34 31 = 6713980
66 91 88 97 = 51267216
66 18 38 64 = 2889216
66 66 89 33 = 12793572
18 66 34 34 = 1373328
18 38 64 70 = 3064320
18 49 63 95 = 5278770
38 49 89 31 = 5137258
64 94 63 33 = 12507264
70 21 72 95 = 10054800

67 24 21 78 = 2633904
67 26 20 68 = 2369120
67 55 23 28 = 2373140
26 55 36 17 = 875160
26 20 68 02 = 70720
26 58 09 22 = 298584
20 58 23 53 = 1414040
20 68 02 62 = 168640
20 05 75 75 = 562500
68 05 09 28 = 85680
68 02 62 12 = 101184
68 66 00 31 = 0
02 66 75 22 = 217800
02 62 12 20 = 29760
02 73 76 67 = 743432
62 73 00 75 = 0
62 12 20 95 = 1413600
62 99 44 15 = 4051080
12 99 76 31 = 2798928
12 20 95 63 = 1436400
12 26 20 94 = 586560
20 26 44 67 = 1532960
20 95 63 94 = 11251800
20 97 45 03 = 261900
95 97 20 15 = 2764500
95 63 94 39 = 21941010
95 17 35 80 = 4522000
63 17 45 94 = 4530330
63 94 39 63 = 14550354
63 78 14 04 = 275184
94 78 35 03 = 769860
94 39 63 08 = 1847664
94 78 00 62 = 0
39 78 14 80 = 3407040
39 63 08 40 = 786240
39 96 61 16 = 3654144
63 96 00 04 = 0
63 08 40 91 = 1834560
63 83 33 14 = 2415798
08 83 61 62 = 2511248
08 40 91 66 = 1921920
08 14 97 09 = 97776
40 14 33 16 = 295680
40 91 66 49 = 11771760
40 88 34 53 = 6343040
91 88 97 14 = 10874864
91 66 49 94 = 27663636
91 34 31 56 = 5371184
66 34 34 09 = 686664
66 49 94 21 = 6383916
66 89 33 92 = 17833464
49 89 31 53 = 7165123
94 63 33 56 = 10943856
21 72 95 92 = 13214880

24 21 78 16 = 628992
24 55 58 05 = 382800
24 36 53 42 = 1923264
55 36 17 39 = 1312740
55 58 05 66 = 1052700
55 23 28 96 = 3400320
58 23 53 05 = 353510
58 05 66 73 = 1397220
58 09 22 35 = 401940
05 09 28 42 = 52920
05 66 73 99 = 2384910
05 75 75 31 = 871875
66 75 22 96 = 10454400
66 73 99 26 = 12401532
66 00 31 47 = 0
73 00 75 35 = 0
73 99 26 97 = 18226494
73 76 67 55 = 20444380
99 76 31 31 = 7230564
99 26 97 17 = 4244526
99 44 15 58 = 3789720
26 44 67 47 = 3602456
26 97 17 78 = 3344172
26 20 94 88 = 4301440
97 20 15 55 = 1600500
97 17 78 78 = 10032516
97 45 03 24 = 314280
17 45 94 58 = 4170780
17 78 78 96 = 9929088
17 35 80 00 = 0
78 35 03 88 = 720720
78 78 96 83 = 48477312
78 14 04 17 = 74256
78 14 80 24 = 2096640
78 96 83 14 = 8701056
78 00 62 54 = 0
96 00 04 00 = 0
96 83 14 88 = 9816576
96 61 16 24 = 2248704
83 61 62 17 = 5336402
83 14 88 34 = 3476704
83 33 14 36 = 1380456
14 33 16 54 = 399168
14 88 34 89 = 3728032
14 97 09 29 = 354438
88 97 14 24 = 2868096
88 34 89 63 = 16776144
88 34 53 85 = 13478960
34 34 09 36 = 374544
34 89 63 72 = 13725936
34 31 56 57 = 3364368
89 31 53 29 = 4240583
63 33 56 85 = 9896040
72 95 92 57 = 35868960

21 78 16 86 = 2253888
21 36 23 09 = 156492
21 17 05 48 = 85680
36 17 39 56 = 1336608
36 23 09 75 = 558900
36 53 42 35 = 2804760
23 53 05 00 = 0
23 09 75 00 = 0
23 28 96 71 = 4389504
09 28 42 48 = 508032
09 75 00 76 = 0
09 22 35 89 = 616770
75 22 96 35 = 5544000
75 00 76 44 = 0
75 75 31 07 = 1220625
00 75 35 71 = 0
00 76 44 20 = 0
00 31 47 05 = 0
76 31 31 89 = 6500204
76 44 20 45 = 3009600
76 67 55 44 = 12322640
44 67 47 07 = 969892
44 20 45 35 = 1386000
44 15 58 44 = 1684320
20 15 55 05 = 82500
20 45 35 14 = 441000
20 94 88 37 = 6121280
45 94 58 44 = 10794960
45 35 14 00 = 0
45 03 24 44 = 142560
35 03 88 44 = 406560
35 14 00 61 = 0
35 80 00 60 = 0
14 80 24 37 = 994560
14 00 61 33 = 0
14 04 17 21 = 19992
00 04 00 44 = 0
00 61 33 97 = 0
00 62 54 58 = 0
61 62 17 60 = 3857640
61 33 97 34 = 6638874
61 16 24 51 = 1194624
33 16 54 21 = 598752
33 97 34 31 = 3373854
33 14 36 54 = 898128
97 14 24 58 = 1890336
97 34 31 33 = 3373854
97 09 29 17 = 430389
34 09 36 51 = 561816
34 31 33 95 = 3304290
34 53 85 58 = 8883860
31 53 29 54 = 2572938
33 56 85 17 = 2670360
95 92 57 58 = 28894440

78 16 86 19 = 2039232
78 17 53 28 = 1967784
78 39 00 68 = 0
17 39 56 80 = 2970240
17 53 28 22 = 555016
17 05 48 05 = 20400
53 05 00 81 = 0
53 28 22 75 = 2448600
53 42 35 94 = 7323540
28 42 48 68 = 3838464
28 22 75 31 = 1432200
28 96 71 47 = 8969856
22 96 35 05 = 369600
22 75 31 67 = 3427050
22 35 89 69 = 4728570
75 35 71 94 = 17519250
75 31 67 15 = 2336625
75 31 07 28 = 455700
31 31 89 47 = 4019863
31 67 15 94 = 2928570
31 47 05 73 = 531805
67 47 07 69 = 1520967
67 15 94 03 = 283410
67 55 44 92 = 14916880
15 55 05 28 = 115500
15 94 03 80 = 338400
15 58 44 13 = 497640
94 58 44 73 = 17511824
94 03 80 04 = 90240
94 88 37 86 = 26321504
03 88 44 92 = 1068672
03 80 04 62 = 59520
03 24 44 52 = 164736
80 24 37 13 = 923520
80 04 62 16 = 317440
80 00 60 17 = 0
04 00 44 86 = 0
04 62 16 14 = 55552
04 17 21 77 = 109956
62 17 60 52 = 3288480
62 16 14 09 = 124992
62 54 58 04 = 776736
16 54 21 17 = 308448
16 14 09 53 = 106848
16 24 51 89 = 1742976
14 24 58 77 = 1500576
14 09 53 56 = 373968
14 36 54 55 = 1496880
09 36 51 04 = 66096
09 53 56 92 = 2457504
09 29 17 40 = 177480
53 29 54 89 = 7386822
56 85 17 55 = 4450600
92 57 58 40 = 12166080

16 86 19 04 = 104576
16 39 05 42 = 131040
16 56 81 83 = 6023808
39 56 80 52 = 9085440
39 05 42 96 = 786240
39 00 68 97 = 0
05 00 81 08 = 0
05 42 96 35 = 705600
05 48 05 35 = 42000
42 48 68 83 = 11378304
42 96 35 31 = 4374720
42 35 94 99 = 13679820
96 35 05 97 = 1629600
96 35 31 47 = 4895520
96 71 47 16 = 5125632
35 71 94 35 = 8175650
35 31 47 55 = 2804725
35 89 69 07 = 1504545
31 89 47 99 = 12837627
31 47 55 58 = 4647830
31 07 28 97 = 589372
47 07 69 16 = 363216
47 55 58 88 = 13193840
47 05 73 57 = 977835
55 05 28 07 = 53900
55 58 88 24 = 6737280
55 44 92 32 = 7124480
58 44 73 97 = 18070712
58 88 24 00 = 0
58 44 13 16 = 530816
88 44 92 57 = 20304768
88 24 00 17 = 0
88 37 86 26 = 7280416
24 37 13 32 = 369408
24 00 17 54 = 0
24 44 52 26 = 1427712
00 44 86 16 = 0
00 17 54 24 = 0
00 60 17 79 = 0
17 60 52 26 = 1379040
17 54 24 36 = 793152
17 21 77 33 = 907137
54 21 17 26 = 501228
54 24 36 29 = 1353024
54 58 04 27 = 338256
24 58 77 79 = 8467536
24 36 29 85 = 2129760
24 51 89 98 = 10675728
36 51 04 33 = 242352
36 29 85 57 = 5058180
36 54 55 66 = 7056720
29 54 89 27 = 3763098
85 17 55 98 = 7788550
57 58 40 66 = 8727840

86 19 04 88 = 575168
86 56 00 48 = 0
86 80 08 87 = 4788480
56 80 52 36 = 8386560
56 00 48 35 = 0
56 81 83 57 = 21459816
00 81 08 68 = 0
00 48 35 71 = 0
00 68 97 62 = 0
48 68 83 87 = 23569344
48 35 71 89 = 10615920
48 05 35 20 = 168000
35 05 97 57 = 967575
35 71 89 07 = 1548155
35 94 99 72 = 23451120
71 94 35 62 = 14482580
71 89 07 05 = 221165
71 47 16 03 = 160176
89 47 99 20 = 8282340
89 07 05 44 = 137060
89 69 07 46 = 1977402
07 69 16 72 = 556416
07 05 44 44 = 67760
07 28 97 33 = 627396
05 28 07 03 = 2940
05 44 44 37 = 358160
05 73 57 67 = 1393935
44 73 97 46 = 14331944
44 44 37 44 = 3151808
44 92 32 46 = 5958656
44 92 57 33 = 7614288
44 37 44 60 = 4297920
44 13 16 55 = 503360
37 13 32 67 = 1031264
37 44 60 21 = 2051280
37 86 26 12 = 992784
44 86 16 46 = 2785024
44 60 21 58 = 3215520
44 52 26 32 = 1903616
60 52 26 55 = 4461600
60 21 58 51 = 3727080
60 17 79 63 = 5076540
21 17 26 12 = 111384
21 58 51 54 = 3354372
21 77 33 93 = 4962573
58 77 79 32 = 11290048
58 51 54 17 = 2715444
58 04 27 53 = 331992
51 04 33 63 = 424116
51 54 17 58 = 2715444
51 89 98 69 = 30692718
54 89 27 93 = 12067866
17 55 98 53 = 4856390
58 40 66 69 = 10565280

19 04 88 04 = 26752
19 80 81 68 = 8372160
19 52 68 73 = 4904432
80 52 36 42 = 6289920
80 81 68 05 = 2203200
80 08 87 38 = 2115840
81 08 68 16 = 705024
81 68 05 94 = 2588760
81 83 57 25 = 9580275
68 83 87 73 = 35845044
68 05 94 47 = 1502120
68 97 62 39 = 15949128
05 97 57 38 = 1050510
05 94 47 69 = 1524210
05 35 20 11 = 38500
94 35 62 25 = 5099500
94 47 69 28 = 8535576
94 99 72 24 = 16080768
47 99 20 39 = 3629340
47 69 28 73 = 6628692
47 16 03 94 = 212064
69 16 72 11 = 874368
69 28 73 92 = 12975312
69 07 46 72 = 1599696
28 07 03 24 = 14112
28 73 92 13 = 2444624
28 97 33 18 = 1613304
73 97 46 94 = 30618244
73 92 13 86 = 7508488
73 57 67 08 = 2230296
92 57 33 72 = 12459744
92 13 86 52 = 5348512
92 32 46 46 = 6229504
13 32 67 18 = 501696
13 86 52 17 = 988312
13 16 55 29 = 331760
86 16 46 08 = 506368
86 52 17 77 = 5853848
86 26 12 32 = 858624
52 26 55 46 = 3420560
52 17 77 04 = 272272
52 26 32 40 = 1730560
17 26 12 29 = 153816
17 77 04 89 = 466004
17 79 63 62 = 5245758
77 79 32 32 = 6228992
77 04 89 55 = 1507660
77 33 93 76 = 17959788
04 33 63 40 = 332640
04 89 55 40 = 783200
04 27 53 36 = 206064
89 27 93 62 = 13855698
55 98 53 76 = 21710920
40 66 69 36 = 6557760

04 88 04 20 = 28160
04 52 08 83 = 138112
04 36 16 41 = 94464
52 36 42 69 = 5425056
52 08 83 97 = 3349216
52 68 73 72 = 18585216
08 68 16 36 = 313344
08 83 97 35 = 2254280
08 87 38 30 = 793440
83 87 73 41 = 21612453
83 97 35 99 = 27896715
83 57 25 23 = 2720325
97 57 38 72 = 15127344
97 35 99 16 = 5377680
97 62 39 88 = 20640048
35 62 25 30 = 1627500
35 99 16 07 = 388080
35 20 11 34 = 261800
99 20 39 23 = 1776060
99 16 07 97 = 1075536
99 72 24 62 = 10606464
16 72 11 88 = 1115136
16 07 97 57 = 619248
16 03 94 99 = 446688
07 03 24 34 = 17136
07 97 57 32 = 1238496
07 46 72 69 = 1599696
97 46 94 62 = 26004536
97 57 32 16 = 2830848
97 33 18 82 = 4724676
57 33 72 99 = 13407768
57 32 16 26 = 758784
57 67 08 67 = 2046984
32 67 18 69 = 2662848
32 16 26 26 = 346112
32 46 46 59 = 3995008
16 46 08 82 = 482816
16 26 26 79 = 854464
16 55 29 85 = 2169200
26 55 46 67 = 4407260
26 26 79 33 = 1762332
26 12 32 74 = 738816
26 12 29 59 = 533832
26 79 33 27 = 1830114
26 32 40 04 = 133120
79 32 32 85 = 6876160
79 33 27 98 = 6898122
79 63 62 36 = 11108664
33 63 40 74 = 6153840
33 27 98 66 = 5762988
33 93 76 16 = 3731904
27 93 62 04 = 622728
98 53 76 36 = 14210784
66 69 36 16 = 2623104

88 04 20 20 = 140800
88 36 68 87 = 18741888
88 42 36 29 = 3858624
36 42 69 73 = 7615944
36 68 87 57 = 12139632
36 16 41 78 = 1842048
68 16 36 35 = 1370880
68 87 57 62 = 20907144
68 73 72 31 = 11079648
87 73 41 29 = 7551339
87 57 62 20 = 6149160
87 38 30 90 = 8926200
57 38 72 78 = 12164256
57 62 20 72 = 5088960
57 25 23 01 = 32775
62 25 30 31 = 1441500
62 20 72 03 = 267840
62 39 88 74 = 15746016
20 39 23 90 = 1614600
20 72 03 46 = 198720
20 11 34 31 = 231880
72 11 88 01 = 69696
72 03 46 33 = 327888
72 24 62 49 = 5249664
03 24 34 74 = 181152
03 46 33 67 = 305118
03 94 99 71 = 1982178
46 94 62 31 = 8310728
46 33 67 46 = 4678476
46 72 69 48 = 10969344
33 72 99 49 = 11525976
33 67 46 55 = 5593830
33 18 82 86 = 4188888
67 18 69 71 = 5908194
67 46 55 12 = 2034120
67 08 67 81 = 2908872
46 08 82 48 = 1448448
46 55 12 32 = 971520
46 46 59 16 = 1997504
55 46 67 86 = 14577860
55 12 32 63 = 1330560
55 29 85 23 = 3118225
12 29 59 81 = 1663092
12 32 63 93 = 2249856
12 32 74 57 = 1619712
32 32 85 16 = 1392640
32 63 93 53 = 9936864
32 40 04 05 = 25600
63 40 74 23 = 4289040
63 93 53 69 = 21426363
63 62 36 54 = 7593264
93 62 04 57 = 1314648
53 76 36 05 = 725040
69 36 16 54 = 2146176

04 20 20 01 = 1600
04 42 16 73 = 196224
04 69 35 71 = 685860
42 69 73 70 = 14808780
42 16 73 38 = 1864128
42 36 29 83 = 3639384
16 36 35 54 = 1088640
16 73 38 25 = 1109600
16 41 78 51 = 2609568
73 41 29 71 = 6162587
73 38 25 39 = 2704650
73 72 31 54 = 8798544
38 72 78 83 = 17712864
38 25 39 11 = 407550
38 30 90 69 = 7079400
25 30 31 51 = 1185750
25 39 11 24 = 257400
25 23 01 16 = 9200
39 23 90 54 = 4359420
39 11 24 94 = 967824
39 88 74 92 = 23365056
11 88 01 69 = 66792
11 24 94 72 = 1786752
11 34 31 33 = 382602
24 34 74 16 = 966144
24 94 72 18 = 2923776
24 62 49 48 = 3499776
94 62 31 92 = 16621456
94 72 18 08 = 974592
94 99 71 61 = 40304286
72 99 49 33 = 11525976
72 18 08 46 = 476928
72 69 48 43 = 10253952
18 69 71 48 = 4232736
18 08 46 29 = 192096
18 82 86 52 = 6600672
08 82 48 61 = 1920768
08 46 29 32 = 341504
08 67 81 01 = 43416
46 67 86 43 = 11397236
46 29 32 40 = 1707520
46 59 16 89 = 3864736
29 59 81 52 = 7206732
29 32 40 62 = 2301440
29 85 23 19 = 1077205
32 85 16 01 = 43520
32 40 62 76 = 6031360
32 74 57 67 = 9043392
40 74 23 89 = 6059120
40 62 76 36 = 6785280
40 04 05 48 = 38400
62 04 57 19 = 268584
76 36 05 67 = 916560
36 16 54 48 = 1492992

20 69 36 41 = 2036880
69 36 41 72 = 7332768
36 41 72 30 = 3188160
41 72 30 23 = 2036880
72 30 23 88 = 4371840
30 23 88 34 = 2064480
23 88 34 62 = 4266592
88 34 62 99 = 18364896
34 62 99 69 = 14399748
62 99 69 82 = 34728804
99 69 82 67 = 37529514
69 82 67 59 = 22366074
82 67 59 85 = 27552410
67 59 85 74 = 24864370
59 85 74 04 = 1484440
85 74 04 36 = 905760
74 04 36 16 = 170496

20 73 35 29 = 1481900
73 35 29 78 = 5779410
35 29 78 31 = 2454270
29 78 31 90 = 6310980
78 31 90 01 = 217620
31 90 01 74 = 206460
90 01 74 31 = 206460
01 74 31 49 = 112406
74 31 49 71 = 7980826
31 49 71 48 = 5176752
49 71 48 86 = 14361312
71 48 86 81 = 23740128
48 86 81 16 = 5349888
86 81 16 23 = 2563488
81 16 23 57 = 1699056
16 23 57 05 = 104880
23 57 05 54 = 353970

01 70 54 71 = 268380
70 54 71 83 = 22275540
54 71 83 51 = 16229322
71 83 51 54 = 16229322
83 51 54 69 = 15772158
51 54 69 16 = 3040416
54 69 16 92 = 5484672
69 16 92 33 = 3351744
16 92 33 48 = 2331648
92 33 48 61 = 8889408
33 48 61 43 = 4154832
48 61 43 52 = 6547008
61 43 52 01 = 136396
43 52 01 89 = 199004
52 01 89 19 = 87932
01 89 19 67 = 113297
89 19 67 48 = 5438256

Largest product is 51267216
